0.33333333333333331 0.33333333333333331 0.01380521349884976
0.49924967533778553 0.49924967533778553 0.00088951477366337002
0.49924967533778553 0.0015006493244289799 0.00088951477366337002
0.0015006493244289799 0.49924967533778553 0.00088951477366337002
0.45293012403052457 0.45293012403052457 0.010056199056980585
0.45293012403052457 0.094139751938950855 0.010056199056980585
0.094139751938950855 0.45293012403052457 0.010056199056980585
0.39776393795523679 0.39776393795523679 0.013408923629665784
0.39776393795523679 0.20447212408952639 0.013408923629665784
0.20447212408952639 0.39776393795523679 0.013408923629665784
0.26450020253278728 0.26450020253278728 0.012261566900751005
0.26450020253278728 0.47099959493442534 0.012261566900751005
0.47099959493442534 0.26450020253278728 0.012261566900751005
0.21101896409207677 0.21101896409207677 0.0081972892053476954
0.21101896409207671 0.57796207181584647 0.0081972892053476954
0.57796207181584647 0.21101896409207671 0.0081972892053476954
0.10773560717127131 0.10773560717127131 0.0073979536993247991
0.10773560717127129 0.78452878565745732 0.0073979536993247991
0.78452878565745732 0.10773560717127129 0.0073979536993247991
0.039069087837802677 0.039069087837802677 0.0022896411388521254
0.039069087837802607 0.92186182432439456 0.0022896411388521254
0.92186182432439456 0.039069087837802607 0.0022896411388521254
0.01117437972932963 0.01117437972932963 0.00082591325778810852
0.01117437972932955 0.97765124054134067 0.00082591325778810852
0.97765124054134067 0.01117437972932955 0.00082591325778810852
0.063549665908352204 0.93110071590431043 0.001174585454287792
0.93110071590431043 0.063549665908352204 0.001174585454287792
0.93110071590431054 0.0053496181873374203 0.001174585454287792
0.0053496181873374203 0.93110071590431054 0.001174585454287792
0.0053496181873375001 0.063549665908351954 0.001174585454287792
0.063549665908351954 0.0053496181873375001 0.001174585454287792
0.157106918940707 0.83493826399309401 0.0022329628770908967
0.83493826399309401 0.157106918940707 0.0022329628770908967
0.83493826399309401 0.0079548170661989902 0.0022329628770908967
0.0079548170661989902 0.83493826399309401 0.0022329628770908967
0.0079548170661991203 0.15710691894070672 0.0022329628770908967
0.15710691894070672 0.0079548170661991203 0.0022329628770908967
0.39564211436437396 0.59393548735436208 0.0030497834039539861
0.59393548735436208 0.39564211436437396 0.0030497834039539861
0.59393548735436208 0.01042239828126384 0.0030497834039539861
0.01042239828126384 0.59393548735436208 0.0030497834039539861
0.01042239828126384 0.39564211436437385 0.0030497834039539861
0.39564211436437385 0.01042239828126384 0.0030497834039539861
0.27316757071291053 0.71586801449096604 0.0034455406635941015
0.71586801449096604 0.27316757071291053 0.0034455406635941015
0.71586801449096615 0.010964414796123419 0.0034455406635941015
0.010964414796123419 0.71586801449096615 0.0034455406635941015
0.01096441479612351 0.27316757071291031 0.0034455406635941015
0.27316757071291031 0.01096441479612351 0.0034455406635941015
0.10178538248501712 0.85964790542952052 0.0039987375362390814
0.85964790542952052 0.10178538248501712 0.0039987375362390814
0.85964790542952052 0.038566712085462473 0.0039987375362390814
0.038566712085462473 0.85964790542952052 0.0039987375362390814
0.03856671208546255 0.10178538248501684 0.0039987375362390814
0.10178538248501684 0.03856671208546255 0.0039987375362390814
0.44665854917641379 0.51776094300636799 0.0036930671426680119
0.51776094300636799 0.44665854917641379 0.0036930671426680119
0.51776094300636799 0.035580507817218221 0.0036930671426680119
0.035580507817218221 0.51776094300636799 0.0036930671426680119
0.035580507817218221 0.44665854917641368 0.0036930671426680119
0.44665854917641368 0.035580507817218221 0.0036930671426680119
0.19901079414950312 0.75131838948773266 0.0063996659393241303
0.75131838948773266 0.19901079414950312 0.0063996659393241303
0.75131838948773289 0.049670816362764207 0.0063996659393241303
0.049670816362764207 0.75131838948773289 0.0063996659393241303
0.049670816362764297 0.19901079414950287 0.0063996659393241303
0.19901079414950287 0.049670816362764297 0.0063996659393241303
0.32426118369228274 0.61721909122338559 0.0086290355878482754
0.61721909122338559 0.32426118369228274 0.0086290355878482754
0.61721909122338547 0.058519725084331842 0.0086290355878482754
0.058519725084331842 0.61721909122338547 0.0086290355878482754
0.058519725084331842 0.32426118369228252 0.0086290355878482754
0.32426118369228252 0.058519725084331842 0.0086290355878482754
0.20853136321013288 0.66997084978547283 0.0093364729514677346
0.66997084978547283 0.20853136321013288 0.0093364729514677346
0.66997084978547283 0.12149778700439429 0.0093364729514677346
0.12149778700439429 0.66997084978547283 0.0093364729514677346
0.12149778700439436 0.20853136321013271 0.0093364729514677346
0.20853136321013271 0.12149778700439436 0.0093364729514677346
0.32317056653625753 0.53611858851980376 0.011409112029197629
0.53611858851980376 0.32317056653625753 0.011409112029197629
0.53611858851980365 0.14071084494393876 0.011409112029197629
0.14071084494393876 0.53611858851980365 0.011409112029197629
0.14071084494393882 0.32317056653625736 0.011409112029197629
0.32317056653625736 0.14071084494393882 0.011409112029197629